# particle number concentration assuming water not removed from particles (#/cc (air)), with time changing with rows (corresponding times given in the time output file) and size bin changing with columns with size bin numbers given in the second row of the header
# 1[2 2 2 ... 2 2 2]
1.202654272062292421e+03,4.509113729004541118e-03
1.202654272062292421e+03,4.509113729004541118e-03
1.202654272062292421e+03,4.509113729004541118e-03
2.784316666666666788e+04,6.213724239704628699e-02
2.784316666666666788e+04,6.213724239704628699e-02
2.192633333333333212e+04,5.791070492711675177e-02
2.192633333333333212e+04,5.791070492711675177e-02
2.058833333333333212e+04,4.992558522532236642e-02
2.058833333333333212e+04,4.992558522532236642e-02
2.050116666666666788e+04,3.935959181401993412e-02
2.050116666666666788e+04,3.935959181401993412e-02
3.120350000000000000e+04,3.931198230584082715e-02
3.120350000000000000e+04,3.931198230584082715e-02
2.906700000000000000e+04,4.681057132548461369e-02
2.906700000000000000e+04,4.681057132548461369e-02
2.835516666666666788e+04,5.016944331213328556e-02
2.835516666666666788e+04,5.016944331213328556e-02
3.127683333333333212e+04,6.232405057380949187e-02
3.127683333333333212e+04,6.232405057380949187e-02
3.232583333333333212e+04,6.636958303960995009e-02
3.232583333333333212e+04,6.636958303960995009e-02
3.016983333333333212e+04,8.731959103372395614e-02
3.016983333333333212e+04,8.731959103372395614e-02
3.462283333333333576e+04,8.257654149692697509e-02
3.462283333333333576e+04,8.257654149692697509e-02
4.277183333333333576e+04,7.213549095520747911e-02
4.277183333333333576e+04,7.213549095520747911e-02
3.446285714285714494e+04,8.501506248746908134e-02
3.446285714285714494e+04,8.501506248746908134e-02
3.404528571428571740e+04,7.822607032581034570e-02
3.404528571428571740e+04,7.822607032581034570e-02
3.302700000000000000e+04,1.016580003993416553e-01
3.302700000000000000e+04,1.016580003993416553e-01
3.043825000000000000e+04,1.000616724139659214e-01
3.043825000000000000e+04,1.000616724139659214e-01
3.150000000000000000e+04,8.889663588355120605e-02
3.150000000000000000e+04,8.889663588355120605e-02
3.297862500000000000e+04,9.249582445431996092e-02
3.297862500000000000e+04,9.249582445431996092e-02
3.323837500000000000e+04,1.388916921046108588e-01
3.323837500000000000e+04,1.388916921046108588e-01
3.346812500000000000e+04,1.194664689009637404e-01
3.346812500000000000e+04,1.194664689009637404e-01
3.504987500000000000e+04,1.316685796190906199e-01
3.504987500000000000e+04,1.316685796190906199e-01
3.602937500000000000e+04,1.441038042983889822e-01
3.602937500000000000e+04,1.441038042983889822e-01
3.592037500000000000e+04,1.346763237166650196e-01
3.617350000000000000e+04,1.212579548860334422e-01
