number_of_size_bins,2
number_of_components,6052
factor_for_multiplying_ppb_to_get_molec/cm3_with_time,[[25028583090.17113], [25028583090.17113], [25028583090.17113], [25028583090.17113], [25028583090.17113], [25028583090.17113], [25028583090.17113], [25028583090.17113], [25028583090.17113], [25028583090.17113], [25028583090.17113], [25028583090.17113], [25028583090.17113], [25028583090.17113], [25028583090.17113], [25028583090.17113], [25028583090.17113], [25028583090.17113], [25028583090.17113], [25028583090.17113], [25028583090.17113], [25028583090.17113], [25028583090.17113], [25028583090.17113], [25028583090.17113], [25028583090.17113], [25028583090.17113], [25028583090.17113], [25028583090.17113], [25028583090.17113], [25028583090.17113], [25028583090.17113], [25028583090.17113], [25028583090.17113], [25028583090.17113], [25028583090.17113], [25028583090.17113], [25028583090.17113], [25028583090.17113], [25028583090.17113], [25028583090.17113], [25028583090.17113], [25028583090.17113], [25028583090.17113], [25028583090.17113], [25028583090.17113], [25028583090.17113], [25028583090.17113], [25028583090.17113]]
simulation_computer_time(s),18152.26849102974
seed_name,['AMM_NIT', 'AMM_SUL', 'bc', 'pri_org', 'sec_org-2', 'sec_org-1', 'sec_org0', 'sec_org1']
wall_on_flag_0forNO_>0forYES,0
space_mode,man
index_of_water,6050
index_of_seed_components,[6042, 6043, 6044, 6045, 6046, 6047, 6048, 6049]
size_structure_0_for_moving_centre_1_for_full_moving,0
output_by_sim_sch_ext,/Users/user/Documents/GitHub/PyCHAM/PyCHAM/output/full_chem_scheme/outprep_sgr/inputs/full_chem_scheme.kpp
output_by_sim_mv_ext,/Users/user/Documents/GitHub/PyCHAM/PyCHAM/output/full_chem_scheme/outprep_sgr/inputs/ex_model_var.txt
