# particle number concentration assuming water removed from particles (#/cm3 (air)), with time changing with rows (corresponding times given in the time output file) and size bin changing with columns with size bin numbers given in the second row of the header
# 1[2 2 2 ... 2 2 2]
2.815025341089936433e+02,5.465048307243028890e-03
2.815025341089936433e+02,5.465048307243028890e-03
2.815025341089936433e+02,5.465048307243028890e-03
8.352600000000000364e+03,8.332386301757041536e-02
8.352600000000000364e+03,8.332386301757041536e-02
8.523200000000000728e+03,8.430729696419565766e-02
8.523200000000000728e+03,8.430729696419565766e-02
8.356600000000000364e+03,8.459642974073652844e-02
8.356600000000000364e+03,8.459642974073652844e-02
8.203399999999999636e+03,7.272664385008179022e-02
8.203399999999999636e+03,7.272664385008179022e-02
7.910800000000000182e+03,6.906838179338255224e-02
7.910800000000000182e+03,6.906838179338255224e-02
7.523000000000000000e+03,8.416907305952142648e-02
7.523000000000000000e+03,8.416907305952142648e-02
9.124799999999999272e+03,8.482432761494675122e-02
9.124799999999999272e+03,8.482432761494675122e-02
8.369600000000000364e+03,8.641217934708381176e-02
8.369600000000000364e+03,8.641217934708381176e-02
6.451600000000000364e+03,8.092286830460505842e-02
6.451600000000000364e+03,8.092286830460505842e-02
7.519399999999999636e+03,6.941008499429889012e-02
7.519399999999999636e+03,6.941008499429889012e-02
1.058639999999999964e+04,9.677575669849303175e-02
1.058639999999999964e+04,9.677575669849303175e-02
1.099520000000000073e+04,8.030506393905002815e-02
1.099520000000000073e+04,8.030506393905002815e-02
1.177400000000000000e+04,8.716912925110037458e-02
1.177400000000000000e+04,8.716912925110037458e-02
1.229420000000000073e+04,9.668037027182112275e-02
1.229420000000000073e+04,9.668037027182112275e-02
1.450520000000000073e+04,6.858442423891285278e-02
1.450520000000000073e+04,6.858442423891285278e-02
1.252839999999999964e+04,7.931904960076613387e-02
1.252839999999999964e+04,7.931904960076613387e-02
1.030079999999999927e+04,8.107456075061306167e-02
1.030079999999999927e+04,8.107456075061306167e-02
8.906399999999999636e+03,8.014189760782809702e-02
8.906399999999999636e+03,8.014189760782809702e-02
7.787800000000000182e+03,1.451585850997066662e-01
7.787800000000000182e+03,1.451585850997066662e-01
7.571199999999999818e+03,1.220482618001278996e-01
7.571199999999999818e+03,1.220482618001278996e-01
7.425000000000000000e+03,1.337728575056557900e-01
7.425000000000000000e+03,1.337728575056557900e-01
7.402800000000000182e+03,1.666138610776898843e-01
7.402800000000000182e+03,1.666138610776898843e-01
8.407799999999999272e+03,1.632277780485171248e-01
7.905800000000000182e+03,1.360330391102732295e-01
